4 10 8 8
34 45 23 12 58 5 27 39 66 31 22 14 18 53 36 2 34 45 23 12 58 5 27 39 66 31 22 14 18 53 36 2
31 22 14 28 3 47 15 62 56 21 43 32 50 29 61 38 31 22 14 28 3 47 15 62 56 21 43 32 50 29 61 38
52 11 28 33 25 62 4 15 56 19 30 43 31 49 55 17 52 11 28 33 25 62 4 15 56 19 30 43 31 49 55 17
42 11 55 33 38 62 47 12 25 19 30 14 26 49 13 17 42 11 55 33 38 62 47 12 25 19 30 14 26 49 13 17
52 18 28 47 15 62 50 13 11 19 4 23 36 29 55 17 52 18 28 47 15 62 50 13 11 19 4 23 36 29 55 17
34 45 23 12 58 5 27 39 66 31 22 14 18 53 36 2 34 45 23 12 58 5 27 39 66 31 22 14 18 53 36 2
31 22 14 28 3 47 15 62 56 21 43 32 50 29 61 38 31 22 14 28 3 47 15 62 56 21 43 32 50 29 61 38
52 11 28 33 25 62 4 15 56 19 30 43 31 49 55 17 52 11 28 33 25 62 4 15 56 19 30 43 31 49 55 17
42 11 55 33 38 62 47 12 25 19 30 14 26 49 13 17 42 11 55 33 38 62 47 12 25 19 30 14 26 49 13 17
52 18 28 47 15 62 50 13 11 19 4 23 36 29 55 17 52 18 28 47 15 62 50 13 11 19 4 23 36 29 55 17