6 20 6 6
52 38 17 82 22 77 78 36 10 27 8 70 60 44 86 48 41 66 51 59 69 57 25 35 91 18 33 65 68 50 87 28 3 37 95 64
32 4 6 34 7 74 73 46 62 55 16 21 45 12 85 89 88 79 97 53 39 20 72 96 19 63 23 80 93 26 84 9 98 58 92 90
32 68 29 98 95 70 16 54 14 13 38 89 73 40 19 76 20 97 6 51 82 49 60 96 53 25 45 85 71 8 27 10 36 84 83 23
93 65 46 2 64 57 55 87 62 33 59 11 5 50 72 58 17 91 86 88 1 39 4 37 92 67 94 80 44 41 12 61 42 31 24 79
7 92 51 15 25 8 23 56 59 86 34 31 90 88 99 50 73 96 93 54 48 44 84 45 83 13 64 62 97 52 36 33 75 29 41 72
58 66 63 22 11 32 3 42 82 24 38 76 98 95 70 77 16 53 18 91 2 69 61 46 89 49 57 55 9 26 94 78 71 81 19 30
84 55 5 26 59 57 22 23 62 41 93 14 45 88 40 73 31 67 6 63 56 27 54 4 16 49 78 64 71 47 75 1 65 77 70 95
43 86 61 97 8 92 79 9 17 42 68 58 21 69 48 44 2 7 66 35 33 30 52 76 36 96 50 72 87 15 85 60 34 90 80 53
9 16 32 63 17 96 6 24 50 38 66 67 86 98 92 33 56 29 74 21 93 68 26 27 76 3 61 13 1 99 75 55 64 35 59 60
28 70 31 11 80 7 84 51 90 19 62 52 12 45 37 39 44 40 82 34 73 71 97 48 5 30 47 36 14 58 88 85 43 77 2 91
30 19 84 56 82 25 69 58 65 40 6 76 27 29 61 89 98 45 49 70 78 21 3 86 9 24 72 22 59 67 92 10 73 88 28 5
47 81 42 39 53 44 68 2 31 74 36 35 7 62 17 46 12 23 14 57 66 87 11 50 20 54 18 75 32 52 64 63 77 37 1 4
42 72 20 62 43 17 82 34 53 19 35 49 14 88 47 22 99 9 40 85 26 58 8 12 76 97 98 39 66 93 15 75 27 41 31 86
92 63 81 69 1 33 18 46 60 10 59 6 80 28 74 57 96 24 50 13 45 90 37 54 2 71 65 5 77 23 64 89 67 95 29 48
35 53 33 55 76 48 4 58 93 44 79 25 66 96 83 12 73 28 51 40 21 17 11 49 10 75 45 30 37 23 39 31 8 6 89 87
26 36 90 95 72 57 65 5 20 18 2 67 34 62 56 71 63 68 69 22 43 13 3 9 91 59 98 24 85 86 42 88 80 70 29 15
16 21 55 85 88 22 14 15 78 32 94 18 70 50 77 1 82 83 35 10 12 74 44 4 66 17 6 13 43 25 72 69 48 97 19 93
34 54 11 73 59 95 52 62 24 33 27 71 31 5 23 96 7 29 41 47 61 56 40 80 89 51 38 3 58 99 49 86 46 65 28 42
17 96 60 43 8 25 62 22 68 14 54 1 85 47 66 78 58 83 28 42 51 75 50 87 21 30 80 38 89 84 46 91 95 19 7 44
36 32 15 35 12 81 65 45 64 4 56 53 49 73 11 26 76 55 34 92 93 94 40 41 74 37 88 13 5 79 57 3 77 52 10 98


















