6 25 4 4
84 24 37 15 52 58 20 53 3 1 56 38 68 13 67 43
93 82 55 9 89 34 88 77 25 8 4 41 52 76 1 20
98 5 46 68 73 66 80 50 69 67 99 85 51 36 84 32
22 61 94 70 33 71 10 38 11 97 92 28 75 78 30 21
86 43 13 83 37 91 90 12 74 47 53 35 31 45 29 65
32 7 76 8 30 20 46 33 16 97 91 57 13 73 26 11
50 3 55 19 84 86 27 90 58 89 39 66 69 47 79 62
37 2 74 71 29 21 10 12 67 35 53 15 64 87 98 44
41 5 23 18 38 48 77 9 36 65 52 34 61 49 83 14
22 59 60 40 68 51 56 94 88 75 99 4 42 43 80 78
25 82 28 45 70 85 24 17 96 93 95 72 54 1 31 6
49 48 45 32 11 40 71 39 6 97 70 17 7 77 36 86
51 69 88 5 18 19 91 65 93 83 38 34 30 27 80 90
63 64 29 3 46 61 79 24 55 28 12 73 82 50 96 43
95 20 9 25 60 16 84 23 52 98 75 54 31 33 62 56
72 94 22 47 35 53 41 42 78 37 58 10 13 85 67 59
26 66 1 8 99 89 14 92 81 44 87 2 4 21 76 15
35 98 99 76 52 86 37 93 17 6 60 47 62 66 70 88
31 46 53 14 36 71 85 27 61 4 39 83 68 97 74 41
77 92 1 2 8 19 63 18 13 80 58 48 81 3 72 43
49 24 90 94 7 69 33 51 67 10 75 95 11 82 84 73
45 20 96 91 22 23 87 55 21 59 42 54 38 89 12 25
32 50 57 29 26 34 40 44 9 28 5 79 65 78 16 64
5 51 25 70 19 69 94 93 98 39 59 80 50 28 44 22
45 9 6 82 97 60 17 91 78 87 3 42 32 85 92 99