8 25 7 7
34 45 23 12 8 58 5 27 39 18 66 31 22 14 2 18 53 36 25 7 41 48 19 62 35 56 19 30 43 21 31 49 55 17 63 22 12 51 24 6 41 48 19 62 35 22 14 2 23
31 22 14 28 17 3 47 15 62 29 56 21 43 32 9 50 29 61 38 13 44 41 54 23 16 8 58 5 27 39 18 66 31 22 14 2 18 53 36 25 44 41 54 23 16 19 9 28 40
52 11 28 33 49 25 62 4 15 38 56 19 30 43 21 31 49 55 17 63 22 12 51 24 6 33 4 47 15 31 62 56 21 43 32 19 30 12 53 46 20 31 45 20 51 19 30 12 28
42 11 55 33 28 38 62 47 12 30 25 19 30 14 27 26 49 13 17 45 41 29 35 5 54 37 10 64 54 24 58 20 31 45 20 51 19 9 28 40 17 53 53 2 16 62 50 13 38
52 18 28 47 19 15 62 50 13 22 11 19 4 23 37 36 29 55 17 24 44 31 12 26 8 18 28 47 19 15 62 50 13 22 11 19 4 23 37 36 29 55 17 24 44 31 45 20 52
47 38 33 17 56 28 54 41 19 20 31 59 29 10 48 26 43 32 14 51 22 17 38 24 60 32 16 37 10 64 54 24 58 20 31 45 20 51 19 9 28 40 27 17 53 23 37 36 22
34 45 23 12 8 58 5 27 39 18 66 31 22 14 2 18 53 36 25 7 41 48 19 62 35 22 44 17 53 53 2 16 35 57 39 6 63 41 62 56 48 16 30 23 42 56 48 16 13
31 22 14 28 17 3 47 15 62 29 56 21 43 32 9 50 29 61 38 13 44 41 54 23 16 23 12 41 58 5 27 39 14 66 31 22 25 55 18 53 36 60 29 2 42 25 55 18 53
52 11 28 33 49 25 62 4 15 38 56 19 30 43 21 31 49 55 17 63 22 12 51 24 6 14 28 17 3 47 15 62 29 56 21 43 32 9 50 29 61 38 13 44 41 29 61 38 13
42 11 55 33 28 38 62 47 12 30 25 19 30 14 27 26 49 13 17 45 41 29 35 5 54 38 33 17 56 28 54 41 19 20 31 59 29 10 48 26 43 32 14 51 22 48 26 43 32
52 18 28 47 19 15 62 50 13 22 11 19 4 23 37 36 29 55 17 24 44 31 12 26 8 41 48 19 62 35 56 19 30 43 21 31 49 55 17 63 22 12 51 24 6 49 55 17 63
11 23 45 56 12 32 45 66 8 47 27 11 5 61 43 21 4 59 31 25 20 31 45 20 51 55 7 39 26 32 46 63 12 14 52 9 28 33 49 1 6 7 39 26 32 31 22 25 55
23 42 50 18 55 7 39 26 32 46 63 12 14 52 9 28 33 49 1 6 7 39 26 32 46 34 45 23 12 41 58 5 27 39 14 66 31 22 25 55 18 53 36 60 29 38 56 19 30
60 13 32 16 37 10 64 54 24 58 20 31 45 20 51 19 9 28 40 27 17 53 53 2 16 52 11 28 33 49 25 62 4 15 38 56 19 30 43 21 31 49 55 17 63 50 29 61 38
34 61 22 44 17 53 53 2 16 35 57 39 6 63 41 62 56 48 16 30 23 42 50 18 55 18 28 47 19 15 62 50 13 22 11 19 4 23 37 36 29 55 17 24 44 50 29 61 38
34 45 23 12 41 58 5 27 39 14 66 31 22 25 55 18 53 36 60 29 2 42 33 44 50 22 14 28 17 3 47 15 62 29 56 21 43 32 9 50 29 61 38 13 44 17 45 41 29
17 21 11 28 33 4 47 15 31 62 56 21 43 32 19 30 12 53 46 27 50 29 61 38 45 38 62 47 12 30 25 19 30 14 27 26 49 13 17 45 41 29 35 5 54 17 24 44 31
52 11 28 33 47 15 62 25 38 51 14 5 21 19 30 42 49 26 18 55 39 31 50 53 4 15 62 50 13 22 11 19 4 23 37 36 29 55 17 24 44 31 12 26 8 60 29 2 42
34 61 22 44 17 53 53 2 16 35 57 39 6 63 41 62 56 48 16 30 23 42 50 18 55 17 53 53 2 16 35 57 39 6 63 41 62 56 48 16 30 23 42 50 18 21 43 32 9
34 45 23 12 41 58 5 27 39 14 66 31 22 25 55 18 53 36 60 29 2 42 33 44 50 41 58 5 27 39 14 66 31 22 25 55 18 53 36 60 29 2 42 33 44 31 12 26 8
34 45 23 12 8 58 5 27 39 18 66 31 22 14 2 18 53 36 25 7 41 48 19 62 35 58 5 27 39 18 66 31 22 14 2 18 53 36 25 7 41 48 19 62 35 22 14 2 18
31 22 14 28 17 3 47 15 62 29 56 21 43 32 9 50 29 61 38 13 44 41 54 23 16 3 47 15 62 29 56 21 43 32 9 50 29 61 38 13 44 41 54 23 16 12 30 25 19
42 11 55 33 28 38 62 47 12 30 25 19 30 14 27 26 49 13 17 45 41 29 35 5 54 38 62 47 12 30 25 19 30 14 27 26 49 13 17 45 41 29 35 5 54 28 40 27 17
52 18 28 47 19 15 62 50 13 22 11 19 4 23 37 36 29 55 17 24 44 31 12 26 8 52 18 28 47 19 15 62 50 13 22 11 19 4 23 37 36 29 55 17 24 51 24 6 10
52 11 28 33 49 25 62 4 15 38 56 19 30 43 21 31 49 55 17 63 22 12 51 24 6 10 64 54 24 58 20 31 45 20 51 19 9 28 40 27 17 53 53 2 16 43 21 31 49