8 30 9 9 
11 23 45 56 12 32 45 66 8 47 27 11 5 61 43 21 4 59 31 25 20 31 45 20 51 52 11 28 33 47 15 62 25 38 51 14 5 21 19 30 42 49 26 18 55 39 31 50 53 4 45 56 12 32 45 66 8 47 27 11 5 61 43 21 4 59 31 25 20 31 45 20 51 52 19 30 42 49 26 18 55
58 23 98 47 54 25 62 70 89 4 15 43 18 74 12 60 10 53 11 81 61 46 29 64 20 97 51 75 2 80 9 19 32 41 49 56 42 30 92 45 71 22 5 3 37 93 21 31 13 40 84 88 63 77 16 87 91 24 94 1 38 26 83 35 73 55 59 95 14 72 90 44 39 7 69 28 76 52 48 68 15
15 6 29 38 52 40 32 58 3 12 21 99 63 41 9 77 16 54 89 80 97 30 72 44 49 37 17 70 98 39 8 31 79 48 83 60 61 67 25 4 65 57 74 34 51 27 23 43 47 18 45 5 1 53 64 87 2 90 94 26 78 22 82 75 11 33 73 66 68 59 93 56 85 95 81 55 88 76 10 7 42
56 24 14 68 69 48 13 6 66 27 72 29 10 42 8 1 2 76 59 97 25 77 93 28 43 50 78 31 64 37 70 62 71 61 17 87 45 26 91 89 83 40 36 15 58 4 12 11 63 44 19 55 73 18 30 22 99 46 3 96 5 94 74 35 41 38 86 79 65 85 20 95 88 21 84 34 67 53 23 92 33
84 17 70 31 97 7 26 91 92 63 45 50 61 16 99 96 73 93 52 57 5 79 69 55 88 77 8 74 32 19 75 46 95 39 87 22 11 60 59 42 13 43 53 51 64 71 15 41 33 94 81 2 20 47 65 28 4 27 54 18 24 78 67 58 1 9 3 83 38 48 49 44 68 86 37 98 62 66 40 10 30
58 39 8 13 43 7 81 87 16 11 37 35 38 84 97 48 99 89 67 66 42 24 65 23 68 94 29 96 56 75 41 26 60 54 61 21 78 82 95 9 57 10 79 55 33 83 85 3 20 49 46 59 2 51 45 36 98 1 72 14 34 47 12 76 93 63 80 62 70 86 90 4 77 91 71 18 32 74 6 19 22
5 53 71 1 73 15 96 94 86 70 83 47 72 65 74 51 69 21 8 89 11 66 22 14 20 48 9 2 29 54 27 90 64 93 41 85 17 92 49 31 88 98 46 78 13 95 16 44 59 52 81 68 80 18 25 3 61 50 67 57 26 82 4 43 6 30 87 32 19 79 23 28 39 45 42 34 38 10 84 60 97
11 18 35 74 96 81 15 59 25 64 90 50 47 89 29 28 36 6 62 22 85 4 88 54 5 83 60 12 21 86 77 67 14 82 69 91 26 20 61 34 7 70 41 95 42 97 37 71 78 99 73 87 53 76 13 80 52 17 33 2 56 49 19 72 63 46 10 48 9 3 39 68 24 40 30 27 93 98 58 44 1
59 79 18 26 33 92 83 74 27 35 9 56 5 64 60 16 71 29 93 99 10 38 25 37 36 23 12 4 63 41 31 20 62 70 51 1 69 65 88 53 32 96 6 80 2 11 55 61 47 39 28 15 45 43 57 3 46 67 17 75 85 97 89 52 77 98 68 95 44 21 87 42 19 73 50 8 34 58 78 54 7
18 72 17 47 9 19 54 55 6 48 29 85 7 77 50 60 57 37 90 58 75 44 92 14 76 1 22 27 5 64 74 94 11 82 34 68 97 43 39 25 71 59 15 79 35 20 45 84 83 36 8 99 91 73 63 2 87 65 3 98 53 95 96 67 52 21 51 49 93 81 28 13 46 24 31 61 40 86 80 62 10
93 86 49 41 23 40 80 35 71 89 32 83 26 15 73 90 69 14 52 95 4 78 28 29 48 58 43 8 37 79 6 30 60 97 3 70 16 31 21 42 10 88 94 54 33 66 1 77 56 7 18 13 36 50 68 39 34 12 20 38 51 96 5 11 74 22 25 47 45 75 99 84 87 65 85 72 76 57 2 92 44
88 48 46 78 22 79 3 10 17 77 24 33 14 15 95 21 51 44 58 99 28 67 34 5 19 53 70 81 40 91 59 97 84 83 25 74 64 20 89 75 4 11 47 60 76 65 18 57 96 61 72 9 13 6 92 36 63 71 43 54 1 32 35 86 52 30 45 66 80 12 8 50 27 73 98 38 7 87 69 93 29
32 2 3 72 69 13 56 36 48 28 90 4 59 22 45 99 41 98 50 23 35 63 16 8 38 85 24 7 44 62 17 64 57 43 74 89 60 81 96 76 92 87 29 68 65 55 86 31 33 25 83 84 1 42 80 26 61 75 11 51 34 18 54 73 58 93 20 70 94 71 46 39 82 6 95 66 52 12 21 19 14
53 5 54 37 11 89 78 98 85 51 64 88 62 50 41 58 32 12 23 97 83 66 57 82 84 31 36 46 26 45 48 30 35 52 4 29 39 8 79 28 9 43 38 86 75 40 70 21 87 47 27 2 55 22 14 34 77 80 63 42 69 99 96 33 16 15 44 95 65 6 73 74 67 68 56 72 81 17 71 90 7
8 81 70 31 25 85 17 97 49 73 1 93 68 80 45 29 5 50 78 28 83 23 65 57 33 20 12 8 42 55 2 56 71 4 39 89 66 90 51 43 37 79 58 95 69 75 61 35 13 16 34 26 77 91 6 14 10 63 19 24 11 7 72 64 32 74 99 53 18 60 36 15 94 67 40 92 96 30 84 44 27
69 37 39 70 5 89 95 90 4 78 62 38 85 54 64 66 99 22 58 53 93 15 60 42 20 2 75 36 96 31 71 76 65 51 82 3 7 92 9 81 26 86 44 68 29 6 8 40 23 67 35 48 47 18 12 21 50 32 24 41 30 25 46 73 49 87 34 80 17 1 14 13 88 61 63 43 57 10 98 91 94
91 65 12 41 28 13 81 36 27 68 5 15 98 82 7 20 24 44 50 99 83 25 42 75 11 71 78 57 33 6 31 52 74 18 96 30 79 88 16 77 59 95 85 89 55 94 53 56 47 66 69 10 39 19 80 84 73 22 4 92 58 40 54 32 2 90 9 76 67 26 86 45 17 72 62 43 14 37 51 60 34
36 29 17 7 80 48 85 99 96 52 92 84 76 1 40 54 35 33 69 53 95 62 41 39 6 28 12 30 51 26 34 74 77 88 9 42 10 37 20 8 25 98 23 14 68 70 24 59 90 71 83 78 75 47 55 56 72 94 93 44 46 49 27 91 31 60 87 97 19 38 61 57 50 11 2 22 66 65 73 21 45
34 26 74 36 45 90 86 44 15 11 3 7 95 28 40 65 88 30 59 18 35 94 68 46 12 87 9 91 57 41 22 70 83 49 27 79 4 75 64 73 72 32 98 96 76 38 43 42 56 10 63 58 69 33 81 66 55 6 80 16 77 97 5 92 99 14 20 37 54 71 29 62 93 67 47 21 85 52 13 78 8
51 24 85 89 67 47 1 82 11 72 90 29 23 55 42 22 44 86 96 20 35 46 17 97 8 37 76 56 60 27 57 68 80 61 2 99 14 16 32 62 33 34 71 4 94 75 98 39 18 70 21 50 31 7 54 49 10 63 52 5 93 9 64 69 84 45 3 48 81 66 40 12 36 87 53 43 95 74 65 79 38
72 6 22 10 91 7 56 37 70 96 68 39 4 78 98 59 71 65 46 33 36 63 18 12 54 38 23 28 52 73 13 31 80 53 26 35 49 50 14 84 77 85 25 66 15 79 67 88 17 45 83 69 82 90 75 60 3 29 92 19 43 1 74 58 51 94 40 30 87 86 48 42 34 81 2 62 9 20 8 99 41
4 89 70 32 81 78 25 36 5 86 97 52 33 28 21 11 77 26 42 45 23 49 51 48 16 96 15 54 39 24 3 37 80 8 65 63 9 35 74 98 20 72 53 83 13 90 64 60 47 75 50 87 67 94 14 57 7 46 61 85 22 43 1 95 71 40 59 58 88 91 82 34 12 66 92 79 73 19 31 2 99
49 78 11 13 42 86 60 38 47 10 79 99 43 87 68 77 94 31 51 85 18 50 71 16 56 61 27 39 28 40 80 29 3 30 74 7 84 55 62 67 5 26 34 64 98 36 83 72 1 45 9 2 70 58 21 15 17 90 93 37 92 19 69 91 22 35 54 44 89 46 25 53 75 12 57 81 59 4 14 8 63
47 52 11 99 5 1 77 80 15 39 48 20 49 88 14 18 19 57 44 91 59 81 28 34 30 2 32 7 84 46 62 73 65 94 41 93 74 54 56 95 53 25 9 27 42 89 75 26 70 92 50 96 64 82 4 13 63 21 66 60 31 10 61 45 85 58 55 8 86 12 24 72 67 79 6 78 36 35 76 3 71
62 74 28 88 93 15 24 81 22 92 58 60 53 68 65 51 14 48 36 4 38 79 12 98 16 30 37 75 2 3 41 32 50 6 29 23 17 44 20 45 21 67 47 19 71 80 87 42 1 78 27 5 76 95 31 57 96 63 99 94 10 25 56 13 26 54 39 33 8 52 82 40 90 66 97 91 85 84 77 9 18
84 24 82 43 93 69 49 63 18 60 10 64 51 94 41 76 46 90 44 42 13 9 65 58 85 26 71 77 33 72 56 4 96 35 88 74 55 12 73 11 99 54 52 5 25 47 39 59 20 68 3 61 40 6 36 89 80 14 66 23 31 28 17 21 78 86 16 53 95 38 22 48 29 8 32 45 83 91 81 75 87
76 88 58 80 69 62 97 18 81 75 43 41 84 34 38 73 40 28 35 15 61 44 16 67 49 24 17 91 66 36 47 48 52 39 10 6 71 33 25 13 85 3 32 11 60 30 51 72 2 92 56 14 1 68 90 82 22 94 23 78 77 59 19 5 83 86 27 12 79 65 98 96 89 99 54 87 20 64 95 57 31
49 2 27 34 16 87 11 95 71 86 28 51 73 53 18 72 41 22 30 50 20 97 77 13 24 52 1 60 67 82 4 17 85 57 42 6 25 63 65 44 3 48 10 66 23 54 46 76 40 12 14 83 58 80 81 68 84 79 15 92 59 32 35 78 93 26 91 89 33 75 21 29 99 62 9 69 74 8 64 88 39
58 77 90 13 23 87 83 34 93 82 36 9 75 48 72 92 19 49 25 89 39 54 61 91 41 81 85 4 40 80 21 22 38 94 10 44 55 96 20 11 60 73 6 69 3 95 28 30 56 79 66 84 14 62 45 52 35 24 97 51 2 15 98 5 63 31 37 32 47 78 88 57 29 17 1 43 12 76 59 74 67
63 95 55 37 66 40 15 73 28 35 36 87 2 61 76 60 13 89 14 44 16 88 4 59 27 97 57 46 1 26 92 41 94 29 43 20 64 3 65 81 90 33 32 83 8 12 96 30 9 58 74 85 42 50 77 91 72 38 79 62 69 68 25 82 19 34 99 24 56 21 53 54 71 6 11 10 84 31 78 7 51




